#Chr	#Start	#End	#HL	#HS	#JN	#JY	#TG	#WN	#GD	#JGS	#LZ	#RY	#LS	#CJ
Chr01	0	1	0.00	0.42	0.37	0.50	0.45	0.53	0.46	0.43	0.50	0.54	0.46	0.34
Chr01	1	2	0.42	0.00	0.38	0.51	0.47	0.53	0.51	0.48	0.55	0.53	0.51	0.42
Chr01	2	3	0.37	0.38	0.00	0.45	0.42	0.48	0.45	0.43	0.49	0.47	0.46	0.38
Chr01	3	4	0.50	0.51	0.45	0.00	0.42	0.50	0.57	0.54	0.61	0.61	0.57	0.47
Chr01	4	5	0.44	0.47	0.42	0.42	0.00	0.28	0.52	0.50	0.56	0.55	0.53	0.43
Chr01	5	6	0.52	0.52	0.47	0.50	0.28	0.00	0.58	0.56	0.63	0.63	0.59	0.48
Chr01	6	7	0.45	0.50	0.45	0.57	0.52	0.58	0.00	0.09	0.43	0.40	0.42	0.31
Chr01	7	8	0.43	0.48	0.42	0.54	0.50	0.56	0.09	0.00	0.40	0.37	0.39	0.28
Chr01	8	9	0.50	0.54	0.49	0.61	0.56	0.63	0.43	0.40	0.00	0.33	0.45	0.34
Chr01	9	10	0.54	0.52	0.46	0.61	0.55	0.63	0.40	0.37	0.33	0.00	0.45	0.32
Chr01	10	11	0.45	0.51	0.45	0.57	0.53	0.59	0.42	0.39	0.45	0.45	0.00	0.14
Chr01	11	12	0.34	0.42	0.37	0.47	0.43	0.48	0.31	0.28	0.34	0.32	0.14	0.00
